platform:
  cf: 8.54858e-06
  cm: 1.3677728e-7 # (from Gazebo plugin: 1.6e-2*cf)
  max_thrust: 10.3437818 # (1100 rad/s)
  min_thrust: 0.0854858 # (100 rad/s)
  base_link_name: "hextilt__base_link"
  n_rotors: 6
  $rotors:
    - translation: [0.3907966465836527, 0.0299377136375720, -0.0427554860579147]
      orientation: [0.2995615231515963, 0.0831219092134935,0.0262082373043233, 0.9500877698156101] # x, y, z, w
      spin_direction: [-1]

    - translation: [0.2213251438331876, 0.3234709668364263, -0.0427554860579147]
      orientation: [-0.3009888436523893, -0.0777950765858490, 0.4523468856138499,0.8359042631373822]
      spin_direction: [1]

    - translation: [-0.2213251438331875, 0.3234709668364264, -0.0427554860579147]
      orientation: [0.0777950765858490, 0.3009888436523893, 0.8359042631373822, 0.4523468856138501]
      spin_direction: [-1]

    - translation: [-0.3907966465836527, 0.0299377136375721, -0.0427554860579147]
      orientation: [-0.0831219092134935, -0.2995615231515963, 0.9500877698156101, 0.0262082373043234]
      spin_direction: [1]

    - translation: [-0.1694715027504653, -0.3534086804739983, -0.0427554860579147]
      orientation: [-0.2217664465657472, 0.2178669344388960, 0.8096960258330590, -0.4977408842017598]
      spin_direction: [-1]

    - translation: [0.1694715027504649, -0.3534086804739985, -0.0427554860579147]
      orientation: [-0.2178669344388958, 0.2217664465657473, -0.4977408842017603, 0.8096960258330587]
      spin_direction: [1]
